1000
Salon Chambre Cuisine Exterieur 
19.99765891870544 19.997419193041424 19.997400612868034 8.499999999999998 
19.99531821310927 19.99484053996838 19.994804021001812 8.488678068863422 
19.99297552767672 19.992261432254224 19.99220756685139 8.477384911117888 
19.990630821412537 19.989681814669154 19.98961116693522 8.466120741768844 
19.98828405658179 19.987101635600823 19.987014743049826 8.454885775269837 
19.985935198513005 19.9845208468401 19.984418221954115 8.443680225518435 
19.98358421541309 19.981939403378874 19.981821535073152 8.432504305852154 
19.981231078193787 19.979357263220777 19.97922461821952 8.42135822904439 
19.978875760307858 19.976774387202795 19.976627411331776 8.410242207300385 
19.97651823759611 19.974190738828042 19.974029858228903 8.399156452253166 
19.97415848814296 19.971606284108418 19.971431906378825 8.388101174959527 
19.971796492141095 19.969020991416585 19.968833506682188 8.377076585896019 
19.969432231764245 19.966434831347385 19.966234613267886 8.36608289495492 
19.96706569104748 19.9638477765871 19.96363518330196 8.355120311440258 
19.96469685577506 19.96125980179079 19.96103517680757 8.344189044063825 
19.962325713374867 19.958670883466937 19.958434556496 8.33328930094119 
19.95995225281905 19.95608099986947 19.955833287607845 8.322421289587759 
19.957576464531144 19.95349013089549 19.95323133776367 8.311585216914793 
19.955198340298352 19.950898257989763 19.950628676824124 8.300781289225501 
19.952817873189474 19.948305364055045 19.948025276757846 8.29000971221109 
19.95043505747759 19.94571143336725 19.945421111518158 8.279270690946861 
19.948049888567425 19.943116451496167 19.942816156926312 8.268564429888299 
19.945662362927237 19.94052040523087 19.940210390562584 8.25789113286718 
19.943272478024767 19.937923282509644 19.93760379166349 8.247251003087696 
19.940880232266977 19.93532507235375 19.934996341025453 8.23664424312258 
19.938485624943553 19.93272576480581 19.932388020913947 8.226071054909253 
19.936088656173865 19.930125350871435 19.929778814978533 8.215531639745976 
19.933689326856893 19.927523822464423 19.9271687081727 8.205026198288023 
19.93128763862461 19.924921172355425 19.924557686678895 8.194554930543855 
19.928883593797536 19.922317394123638 19.921945737837575 8.184118035871318 
19.926477195343807 19.91971248211121 19.919332850081105 8.173715712973838 
19.924068446839954 19.917106431380432 19.916719012871226 8.163348159896652 
19.921657352434522 19.914499237673965 19.91410421664034 8.153015574023026 
19.91924391681397 19.911890897376793 19.911488452736478 8.142718152070497 
19.916828145169916 19.90928140748065 19.908871713371582 8.13245609008714 
19.914410043169312 19.906670765550928 19.906253991572896 8.122229583447822 
19.911989616926007 19.9040589696952 19.903635281137042 8.112038826850489 
19.90956687297364 19.901446018533704 19.901015576587156 8.101884014312452 
19.907141818240973 19.898831911171555 19.89839487313236 8.09176533916671 
19.904714460027947 19.896216647172878 19.89577316663008 8.081682994058246 
19.902284805983868 19.893600226536137 19.89315045355005 8.071637170940381 
19.89985286408637 19.890982649671116 19.890526730940792 8.061628061071108 
19.897418642621858 19.88836391737732 19.887901996398455 8.051655855009448 
19.89498215016738 19.88574403082356 19.885276248036575 8.041720742611831 
19.892543395573 19.883122991528637 19.882649484458796 8.031822913028478 
19.890102387945944 19.880500801343715 19.880021704732087 8.021962554699792 
19.88765913663525 19.877877462434867 19.877392908362708 8.012139855352787 
19.88521365121744 19.875252977267508 19.8747630952725 8.002355001997497 
19.882765941483 19.87262734859121 19.87213226577768 7.992608180923424 
19.880316017424036 19.870000579425664 19.869500420567647 7.982899577695996 
19.87786388922217 19.867372673047328 19.8668675606865 7.973229377153019 
19.87540956723751 19.86474363297708 19.8642336875144 7.963597763401175 
19.872953061998203 19.862113462968296 19.861598802750564 7.954004919812503 
19.870494384190465 19.859482166995917 19.858962908397643 7.944451029020922 
19.868033544649677 19.85684974924601 19.8563260067462 7.934936272918738 
19.865570554351336 19.854216214105804 19.853688100360785 7.92546083265319 
19.863105424403102 19.85158156615472 19.85104919206657 7.916024888623007 
19.860638166037347 19.848945810155612 19.848409284936736 7.90662862047496 
19.858168790603486 19.846308951046524 19.845768382280653 7.897272207100448 
19.855697309561663 19.843670993932903 19.8431264876329 7.887955826632094 
19.853223734476273 19.841031944080612 19.840483604742758 7.878679656440357 
19.85074807700994 19.838391806908874 19.837839737564195 7.869443873130145 
19.848270348917936 19.83575058798391 19.83519489024684 7.8602486525374555 
19.84579056204302 19.83310829301297 19.83254906712716 7.8510941697260375 
19.84330872831049 19.830464927838364 19.829902272720176 7.841980598984047 
19.840824859723455 19.827820498432345 19.827254511711885 7.832908113820733 
19.83833896835847 19.82517501089194 19.824605788951715 7.823876886963136 
19.83585106636167 19.822528471433998 19.821956109445978 7.814887090352798 
19.833361165944666 19.81988088639099 19.819305478351225 7.805938895142488 
19.830869279380977 19.817232262206517 19.816653900968163 7.797032471692944 
19.828375419002782 19.814582605431212 19.814001382735796 7.788167989569627 
19.825879597197627 19.811931922719282 19.811347929226315 7.779345617539503 
19.823381826405466 19.809280220824633 19.808693546139693 7.770565523567817 
19.82088211911588 19.806627506597465 19.806038239299028 7.761827874814902 
19.818380487865227 19.803973786981317 19.803382014645877 7.753132837632993 
19.815876945234436 19.801319069009878 19.800724878236053 7.744480577563067 
19.81337150384661 19.798663359804152 19.79806683623565 7.7358712593316845 
19.810864176364703 19.796006666569724 19.79540789491699 7.72730504684785 
19.80835497548952 19.793348996594375 19.79274806065513 7.718782103199906 
19.805843913957915 19.790690357245467 19.790087339924753 7.710302590652414 
19.803331004540667 19.78803075596761 19.787425739296225 7.701866670643065 
19.800816260041188 19.785370200280852 19.784763265433412 7.693474503779621 
19.79829969329353 19.78270869777822 19.782099925089994 7.68512624983684 
19.795781317161016 19.780046256123853 19.77943572510742 7.676822067753443 
19.793261144534995 19.77738288305153 19.77677067241177 7.668562115629088 
19.790739188333134 19.77471858636244 19.77410477401179 7.6603465507213535 
19.788215461498567 19.772053373923654 19.77143803699613 7.652175529442758 
19.785689976998242 19.769387253666764 19.768770468531557 7.6440492073577655 
19.78316274782236 19.766720233586113 19.766102075860545 7.635967739179833 
19.78063378698289 19.764052321737438 19.76343286629958 7.62793127876847 
19.778103107512777 19.76138352623667 19.760762847237118 7.619939979126294 
19.775570722465034 19.75871385525835 19.758092026131635 7.611993992396135 
19.773036644911656 19.75604331703471 19.75542041051051 7.604093469858121 
19.770500887943058 19.75337191985426 19.75274800796774 7.596238561926818 
19.767963464667275 19.75069967206076 19.750074826162916 7.5884294181483485 
19.76542438820894 19.748026582052205 19.747400872819526 7.5806661871975525 
19.762883671709005 19.74535265827967 19.744726155723527 7.572949016875157 
19.760341328323705 19.742677909246368 19.74205068272238 7.5652780541049625 
19.757797371224285 19.740002343506887 19.739374461723173 7.557653444931042 
19.755251813596146 19.737325969666074 19.736697500692117 7.550075334514963 
19.752704668638557 19.734648796378167 19.734019807652828 7.542543867133023 
19.75015594956392 19.73197083234612 19.731341390685543 7.535059186173509 
19.74760566959725 19.729292086320868 19.728662257926203 7.527621434133954 
19.745053841976073 19.726612567100176 19.725982417564808 7.520230752618433 
19.74250047994957 19.72393228352837 19.7233018778453 7.512887282334875 
19.73994559677834 19.721251244495363 19.720620647063868 7.505591163092364 
19.73738920573402 19.718569458936088 19.7179387335687 7.498342533798496 
19.734831320098976 19.715886935829758 19.7152561457587 7.491141532456721 
19.732271953165764 19.7132036841993 19.71257289208296 7.483988296163728 
19.729711118236935 19.71051971311067 19.709888981039626 7.476882961106822 
19.72714882862482 19.70783503167229 19.707204421175447 7.469825662561343 
19.724585097650845 19.705149649034638 19.70451922108498 7.462816534888081 
19.722019938645758 19.702463574389355 19.701833389409842 7.455855711530722 
19.719453364948833 19.699776816968892 19.699146934837984 7.448943325013311 
19.716885389908043 19.697089386046173 19.696459866103112 7.4420795069377235 
19.714316026879544 19.694401290933797 19.693772191983953 7.43526438798116 
19.711745289227565 19.69171254098353 19.691083921303857 7.428498097893663 
19.709173190324123 19.68902314558602 19.688395062929885 7.421780765495642 
19.706599743548736 19.68633311417034 19.685705625772414 7.415112518675422 
19.704024962288543 19.6836424562033 19.68301561878468 7.408493484386812 
19.7014488599375 19.680951181189187 19.68032505096187 7.401923788646684 
19.698871449896785 19.67825929866916 19.67763393134095 7.395403556532573 
19.696292745574283 19.67556681822117 19.674942268999985 7.388932912180301 
19.69371276038447 19.67287374945903 19.672250073057683 7.382511978781609 
19.69113150774831 19.67018010203236 19.66955735267271 7.376140878581813 
19.688549001092895 19.66748588562615 19.666864117043644 7.369819732877477 
19.685965253851577 19.66479110996022 19.66417037540799 7.363548662014104 
19.683380279463506 19.662095784788903 19.661476137041973 7.357327785383843 
19.680794091373684 19.659399919900807 19.658781411260122 7.35115722142322 
19.6782067030328 19.65670352511819 19.65608620741466 7.345037087610875 
19.67561812789694 19.65400661029662 19.65339053489538 7.338967500465334 
19.67302837942748 19.65130918532492 19.650694403128796 7.33294857554279 
19.670437471091134 19.64861126012437 19.647997821577974 7.326980427434895 
19.66784541635957 19.64591284464865 19.64530079974213 7.321063169766589 
19.66525222870945 19.64321394888333 19.642603347156182 7.3151969151939245 
19.662657921622156 19.640514582845753 19.63990547339023 7.309381775401935 
19.66006250858385 19.63781475658425 19.637207188049445 7.303617861102499 
19.65746600308512 19.635114480178288 19.634508500773336 7.297905282032236 
19.65486841862105 19.632413763737873 19.631809421235516 7.292244146950418 
19.65226976869093 19.629712617403243 19.629109959143534 7.286634563636895 
19.649670066798308 19.627011051344596 19.626410124238134 7.28107663889005 
19.64706932645072 19.624309075761573 19.623709926293145 7.275570478524756 
19.644467561159672 19.62160670088332 19.62100937511491 7.270116187370371 
19.641864784440315 19.618903936967797 19.61830848054217 7.264713869268734 
19.63926100981172 19.61620079430162 19.615607252445557 7.259363627072197 
19.636656250796364 19.613497283199763 19.612905700727197 7.254065562641658 
19.634050520920255 19.610793414005002 19.610203835320476 7.248819776844628 
19.631443833712638 19.608089197088077 19.607501666189535 7.243626369553304 
19.628836202706054 19.605384642846957 19.604799203329094 7.2384854396426785 
19.626227641436174 19.602679761706668 19.60209645676406 7.233397084988645 
19.623618163441563 19.59997456411901 19.599393436549065 7.228361402466139 
19.62100778226369 19.597269060562326 19.596690152768417 7.223378487947301 
19.61839651144686 19.594563261540884 19.593986615535414 7.218448436299638 
19.61578436453783 19.591857177585098 19.59128283499217 7.2135713413842275 
19.613171355086138 19.589150819250733 19.588578821309397 7.208747296053926 
19.610557496643537 19.586444197118794 19.585874584685826 7.2039763921516045 
19.607942802764114 19.583737321795297 19.583170135348098 7.199258720508395 
19.605327287004116 19.581030203910814 19.580465483550313 7.194594370941965 
19.602710962921947 19.578322854120472 19.57776063957374 7.189983432254807 
19.60009384407789 19.575615283103275 19.575055613726647 7.185425992232547 
19.5974759440341 19.572907501561986 19.572350416343625 7.180922137642275 
19.59485727635439 19.5701995202229 19.56964505778552 7.1764719542308875 
19.59223785460415 19.567491349835564 19.56693954843928 7.172075526723464 
19.589617692350316 19.564783001172145 19.56423389871719 7.167732938821647 
19.58699680316124 19.562074485027722 19.561528119056902 7.16344427320205 
19.58437520060636 19.559365812219426 19.558822219920955 7.159209611514683 
19.581752898256298 19.556656993586557 19.55611621179662 7.155029034381402 
19.579129909682706 19.55394803999002 19.553410105195383 7.150902621394369 
19.576506248458088 19.551238962312198 19.550703910652715 7.146830451114539 
19.5738819281558 19.548529771456685 19.54799763872802 7.1428126010701645 
19.571256962349707 19.545820478347878 19.545291300003782 7.1388491477553195 
19.568631364614248 19.543111093930634 19.542584905085732 7.13494016662844 
19.566005148524255 19.540401629170276 19.539878464602452 7.131085732110893 
19.563378327654902 19.537692095052023 19.53717198920475 7.1272859175855565 
19.56075091558131 19.534982502580874 19.534465489565832 7.123540795395421 
19.558122925878877 19.532272862781213 19.53175897638056 7.1198504368422135 
19.555494372122666 19.52956318669652 19.52905246036545 7.116214912185043 
19.55286526788774 19.526853485389154 19.526345952258225 7.112634290639058 
19.550235626748588 19.524143769940167 19.52363946281764 7.109108640374131 
19.547605462279364 19.52143405144875 19.520933002822915 7.105638028513561 
19.54497478805348 19.518724341032225 19.518226583073783 7.102222521132795 
19.542343617643837 19.51601464982548 19.515520214389824 7.09886218325817 
19.539711964622086 19.513304988980963 19.512813907610507 7.095557078865677 
19.537079842559365 19.51059536966835 19.51010767359469 7.092307270879736 
19.53444726502522 19.50788580307409 19.507401523220267 7.0891128211720105 
19.53181424558818 19.505176300401217 19.504695467384124 7.085973790560216 
19.5291807978154 19.50246687286915 19.501989517001505 7.0828902388069706 
19.526546935272336 19.49975753171333 19.499283683006013 7.079862224618655 
19.523912671522908 19.497048288184885 19.496577976349045 7.076889805644294 
19.521278020129216 19.494339153550527 19.493872407999902 7.0739730384744615 
19.518642994651373 19.491630139092138 19.491166988944883 7.0711119786402 
19.5160076086475 19.488921256106437 19.488461730187566 7.068306680611963 
19.513371875673442 19.486212515904924 19.48575664274813 7.065557197798583 
19.51073580928272 19.483503929813367 19.483051737663402 7.062863582546249 
19.50809942302635 19.480795509171514 19.480347025986134 7.060225886137511 
19.50546273045279 19.47808726533316 19.47764251878516 7.057644158790309 
19.5028257451076 19.47537920966539 19.474938227144662 7.055118449657008 
19.50018848053361 19.47267135354872 19.472234162164227 7.052648806823471 
19.49755095027041 19.469963708376497 19.469530334958336 7.050235277308136 
19.494913167854577 19.467256285554868 19.46682675665619 7.047877907061127 
19.492275146819225 19.464549096502253 19.46412343840143 7.0455767409633765 
19.48963690069405 19.461842152649353 19.461420391351794 7.043331822825767 
19.486998443005234 19.459135465438635 19.45871762667872 7.0411431953883055 
19.48435978727491 19.456429046324217 19.456015155567172 7.039010900319305 
19.48172094702153 19.453722906771475 19.453312989215476 7.036934978214587 
19.479081935759496 19.45101705825681 19.450611138834745 7.034915468596718 
19.476442766998844 19.448311512267423 19.44790961564877 7.03295240991425 
19.4738034542454 19.44560628030098 19.445208430893672 7.031045839540989 
19.471164011000383 19.442901373865254 19.4425075958178 7.029195793775289 
19.46852445076047 19.44019680447809 19.43980712168093 7.027402307839353 
19.4658847870175 19.437492583666938 19.437107019754592 7.025665415878569 
19.463245033258318 19.43478872296862 19.43440730132147 7.023985150960855 
19.460605202964643 19.432085233928944 19.431707977675103 7.022361545076034 
19.457965309613087 19.429382128102816 19.42900906011954 7.020794629135221 
19.455325366674742 19.42667941705338 19.42631055996941 7.019284432970238 
19.452685387615134 19.423977112352304 19.42361248854911 7.017830985333041 
19.450045385894157 19.421275225579222 19.420914857192997 7.01643431389518 
19.447405374965683 19.418573768321323 19.418217677244684 7.015094445247264 
19.444765368277785 19.415872752173527 19.415520960057165 7.013811404898464 
19.44212537927217 19.413172188737747 19.412824716992134 7.012585217276015 
19.439485421384347 19.41047208962283 19.410128959420092 7.011415905724763 
19.436845508043234 19.407772466444328 19.407433698719615 7.010303492506716 
19.434205652671153 19.405073330824166 19.404738946277575 7.009247998800616 
19.431565868683663 19.402374694390346 19.40204471348835 7.008249444701543 
19.428926169489273 19.39967656877667 19.399351011753936 7.007307849220528 
19.426286568489445 19.39697896562251 19.396657852483486 7.00642323028419 
19.42364707907825 19.39428189657258 19.393965247092922 7.005595604734399 
19.421007714642542 19.391585373276484 19.391273207004986 7.004824988327954 
19.418368488561327 19.38888940738866 19.388581743648558 7.004111395736278 
19.415729414206055 19.386194010567976 19.38589086845866 7.003454840545148 
19.413090504940044 19.383499194477565 19.38320059287605 7.002855335254427 
19.41045177411877 19.380804970784425 19.38051092834695 7.002312891277832 
19.407813235089293 19.378111351159248 19.377821886322863 7.001827518942713 
19.405174901190207 19.37541834727608 19.37513347826001 7.001399227489861 
19.402536785751806 19.372725970812155 19.372445715619506 7.001028025073328 
19.399898902095345 19.370034233447484 19.369758609866665 7.0007139187602725 
19.39726126353338 19.367343146864698 19.36707217247084 7.000456914530826 
19.39462388336932 19.364652722748758 19.36438641490531 7.000257017277979 
19.39198677489742 19.361962972786614 19.36170134864676 7.000114230807486 
19.389349951402323 19.35927390866709 19.359016985175117 7.000028557837797 
19.38671342615936 19.356585542080495 19.356333335973318 7.0 
19.384077212434022 19.35389788471832 19.35365041252703 7.000028557837797 
19.381441323481965 19.351210948273092 19.35096822632414 7.000114230807486 
19.378805772548617 19.34852474443801 19.348286788854807 7.000257017277979 
19.376170572869455 19.34583928490673 19.345606111610948 7.000456914530826 
19.373535737669215 19.343154581373142 19.342926206086076 7.0007139187602725 
19.3709012801624 19.340470645530957 19.34024708377501 7.001028025073328 
19.368267213552485 19.337787489073605 19.337568756173596 7.001399227489861 
19.36563355103226 19.335105123693893 19.334891234778354 7.001827518942713 
19.363000305783316 19.332423561083658 19.332214531086265 7.002312891277832 
19.360367490976046 19.329742812933716 19.329538656594707 7.002855335254427 
19.35773511976936 19.327062890933348 19.3268636228006 7.003454840545148 
19.355103205310684 19.324383806770243 19.324189441200758 7.004111395736278 
19.352471760735625 19.321705572130156 19.321516123291417 7.004824988327954 
19.349840799167794 19.319028198696515 19.318843680567625 7.005595604734399 
19.347210333718863 19.31635169815047 19.31617212452346 7.00642323028419 
19.344580377488114 19.313676082170332 19.31350146665153 7.007307849220528 
19.341950943562324 19.311001362431398 19.31083171844267 7.008249444701543 
19.33932204501582 19.308327550605668 19.308162891385678 7.009247998800616 
19.33669369490991 19.305654658361846 19.30549499696707 7.010303492506716 
19.334065906293233 19.302982697364598 19.30282804667098 7.011415905724763 
19.331438692200948 19.300311679274728 19.30016205197859 7.0125852172760155 
19.3288120656552 19.297641615748603 19.297497024368056 7.013811404898464 
19.32618603966438 19.294972518438158 19.294832975314023 7.015094445247264 
19.3235606272234 19.29230439899038 19.292169916287776 7.01643431389518 
19.320935841313315 19.28963726904732 19.289507858756565 7.017830985333041 
19.31831169490107 19.286971140245612 19.286846814183377 7.019284432970238 
19.315688200939462 19.28430602421622 19.284186794026937 7.020794629135221 
19.313065372366964 19.28164193258442 19.281527809741192 7.022361545076034 
19.310443222107494 19.278978876969177 19.278869872775147 7.023985150960855 
19.307821763070137 19.2763168689832 19.27621299457263 7.025665415878569 
19.305201008149254 19.273655920232613 19.273557186571736 7.0274023078393535 
19.30258097022397 19.270996042316483 19.27090246020515 7.029195793775289 
19.299961662158353 19.26833724682689 19.26824882689931 7.031045839540989 
19.297343096800944 19.265679545348405 19.265596298074342 7.03295240991425 
19.2947252869846 19.26302294945799 19.26294488514384 7.034915468596719 
19.292108245526435 19.260367470724702 19.26029459951468 7.036934978214587 
19.289491985227755 19.25771312070941 19.25764545258653 7.039010900319305 
19.286876518873555 19.255059910964576 19.25499745575172 7.041143195388306 
19.28426185923263 19.252407853033958 19.252350620394964 7.043331822825767 
19.281648019057172 19.249756958452338 19.249704957893243 7.0455767409633765 
19.279035011082783 19.2471072387454 19.247060479615186 7.047877907061127 
19.276422848028233 19.244458705429338 19.244417196921177 7.050235277308136 
19.273811542595183 19.241811370010623 19.241775121162846 7.052648806823471 
19.27120110746813 19.239165243985838 19.239134263682843 7.055118449657008 
19.26859155531423 19.236520338841387 19.236494635814893 7.057644158790309 
19.265982898783022 19.233876666053106 19.233856248883 7.060225886137512 
19.263375150506306 19.231234237086255 19.231219114201622 7.062863582546249 
19.260768323097977 19.22859306339501 19.22858324307515 7.065557197798583 
19.2581624291538 19.22595315642252 19.225948646797917 7.068306680611964 
19.255557481251287 19.22331452760028 19.223315336653627 7.0711119786402 
19.25295349194954 19.220677188348304 19.220683323915353 7.0739730384744615 
19.250350473788956 19.218041150074384 19.218052619845082 7.076889805644294 
19.247748439291 19.21540642417432 19.215423235693663 7.079862224618655 
19.245147400958388 19.212773022031456 19.21279518270029 7.0828902388069706 
19.242547371274497 19.210140955016243 19.210168472092562 7.085973790560216 
19.239948362703387 19.20751023448645 19.207543115086082 7.0891128211720105 
19.23735038768956 19.204880871786543 19.204919122884007 7.092307270879737 
19.234753458657792 19.202252878247407 19.202296506677044 7.095557078865677 
19.232157588013024 19.199626265186453 19.19967527764328 7.098862183258171 
19.229562788140015 19.197001043906994 19.197055446947672 7.102222521132795 
19.226969071403403 19.19437722569836 19.194437025741763 7.105638028513561 
19.224376450147247 19.19175482183533 19.191820025163793 7.1091086403741315 
19.221784936695087 19.18913384357802 19.189204456338075 7.112634290639058 
19.2191945433496 19.186514302171645 19.18659033037494 7.116214912185044 
19.216605282392493 19.183896208846193 19.183977658370452 7.119850436842214 
19.21401716608443 19.18127957481647 19.181366451406177 7.123540795395421 
19.211430206664488 19.17866441128149 19.178756720548847 7.1272859175855565 
19.20884441635053 19.17605072942439 19.176148476850074 7.131085732110893 
19.206259807338483 19.173438540412235 19.17354173134646 7.13494016662844 
19.203676391802503 19.170827855395657 19.17093649505881 7.1388491477553195 
19.20109418189469 19.168218685508748 19.16833277899235 7.142812601070165 
19.1985131897448 19.16561104186883 19.165730594136164 7.146830451114539 
19.195933427460318 19.163004935575998 19.16312995146319 7.150902621394369 
19.193354907126036 19.160400377713017 19.16053086192977 7.155029034381402 
19.190777640804015 19.157797379345254 19.15793333647548 7.159209611514683 
19.18820164053335 19.155195951520227 19.15533738602295 7.16344427320205 
19.18562691833 19.152596105267378 19.152743021477647 7.167732938821647 
19.18305348618651 19.14999785159779 19.15015025372753 7.172075526723465 
19.180481356072164 19.147401201504238 19.147559093642656 7.176471954230888 
19.177910539932213 19.14480616596063 19.144969552075338 7.180922137642275 
19.175341049688484 19.14221275592189 19.142381639859536 7.185425992232548 
19.172772897238417 19.139620982323777 19.139795367810848 7.189983432254808 
19.17020609445541 19.137030856082617 19.137210746726225 7.1945943709419655 
19.167640653188414 19.134442388095067 19.13462778738358 7.199258720508395 
19.16507658526183 19.131855589237716 19.13204650054172 7.2039763921516045 
19.162513902475325 19.12927047036726 19.129466896940073 7.208747296053926 
19.15995261660356 19.12668704231976 19.126888987298344 7.2135713413842275 
19.157392739396244 19.124105315910867 19.12431278231645 7.218448436299639 
19.15483428257761 19.12152530193532 19.121738292674195 7.223378487947301 
19.152277257846606 19.118947011166824 19.11916552903091 7.22836140246614 
19.149721676876425 19.11637045435765 19.116594502025578 7.2333970849886455 
19.14716755131451 19.113795642238756 19.114025222276098 7.238485439642679 
19.144614892782158 19.1112225855191 19.111457700379447 7.243626369553305 
19.142063712874744 19.108651294885874 19.1088919469114 7.248819776844629 
19.139514023161098 19.106081781003923 19.106327972426072 7.254065562641658 
19.13696583518356 19.1035140545157 19.103765787455927 7.259363627072197 
19.134419160457867 19.100948126041033 19.10120540251131 7.264713869268734 
19.1318740104727 19.09838400617673 19.09864682808052 7.270116187370371 
19.129330396689795 19.095821705496633 19.096090074629387 7.275570478524756 
19.126788330543718 19.093261234551107 19.093535152600907 7.281076638890051 
19.124247823441408 19.0907026038671 19.09098207241533 7.286634563636896 
19.12170888676252 19.088145823947627 19.08843084446977 7.292244146950418 
19.119171531858626 19.085590905271772 19.085881479137925 7.297905282032236 
19.116635770053563 19.083037858294347 19.0833339867699 7.303617861102499 
19.114101612643083 19.080486693445778 19.080788377692045 7.309381775401935 
19.11156907089446 19.077937421131764 19.07824466220677 7.3151969151939245 
19.109038156046665 19.07539005173311 19.075702850591995 7.32106316976659 
19.106508879309956 19.07284459560543 19.073162953101303 7.326980427434897 
19.10398125186589 19.070301063079114 19.070624979963497 7.332948575542791 
19.101455284866915 19.067759464459073 19.06808894138254 7.338967500465335 
19.098930989436383 19.06521981002419 19.0655548475371 7.345037087610875 
19.096408376668307 19.062682110027595 19.06302270858066 7.35115722142322 
19.09388745762709 19.060146374696103 19.060492534640957 7.357327785383843 
19.091368243347688 19.057612614230095 19.057964335819918 7.363548662014104 
19.088850744834986 19.055080838803406 19.05543812219355 7.3698197328774775 
19.08633497306397 19.052551058562983 19.052913903811486 7.376140878581813 
19.083820938979386 19.050023283628548 19.050391690696927 7.382511978781609 
19.08130865349557 19.047497524092876 19.047871492846298 7.388932912180301 
19.07879812749644 19.04497379002089 19.04535332022931 7.395403556532573 
19.076289371835117 19.042452091450116 19.04283718278839 7.401923788646684 
19.073782397333844 19.03993243838994 19.040323090438676 7.408493484386813 
19.07127721478389 19.037414840821782 19.037811053067742 7.415112518675423 
19.068773834945148 19.034899308698584 19.03530108053542 7.421780765495642 
19.066272268546243 19.032385851944866 19.032793182673515 7.428498097893663 
19.063772526284254 19.02987448045633 19.03028736928559 7.435264387981161 
19.061274618824484 19.027365204099738 19.027783650146887 7.4420795069377235 
19.058778556800405 19.0248580327127 19.025282035004068 7.448943325013312 
19.056284350813257 19.022352976103434 19.022782533574798 7.455855711530722 
19.053792011432165 19.019850044050486 19.020285155547867 7.462816534888081 
19.051301549193965 19.01734924630273 19.017789910582735 7.469825662561343 
19.048812974602697 19.01485059257908 19.015296808309472 7.476882961106822 
19.046326298129827 19.012354092568103 19.012805858328363 7.483988296163727 
19.043841530213797 19.00985975592812 19.01031707021002 7.491141532456721 
19.041358681260135 19.007367592286812 19.00783045349465 7.498342533798496 
19.038877761640947 19.004877611240943 19.005346017692546 7.5055911630923635 
19.03639878169514 19.002389822356406 19.002863772283263 7.512887282334875 
19.033921751727917 18.999904235167833 19.00038372671571 7.520230752618435 
19.031446682010824 18.99742085917842 18.997905890407935 7.527621434133954 
19.02897358278142 18.99493970385987 18.995430272746887 7.535059186173509 
19.026502464243322 18.992460778652003 18.992956883088254 7.542543867133025 
19.02403333656582 18.989984092962573 18.99048573075612 7.550075334514963 
19.021566209883986 18.987509656167333 18.988016825042962 7.557653444931042 
19.019101094298094 18.985037477609467 18.985550175209255 7.565278054104963 
19.016637999874035 18.982567566599585 18.98308579048347 7.5729490168751585 
19.014176936642457 18.980099932415612 18.98062368006174 7.5806661871975525 
19.011717914599274 18.977634584302393 18.97816385310773 7.588429418148348 
19.0092609437051 18.975171531471688 18.97570631875226 7.5962385619268185 
19.006806033885198 18.97271078310183 18.97325108609357 7.604093469858121 
19.004353195029296 18.970252348337624 18.97079816419648 7.611993992396134 
19.001902436991543 18.967796236290212 18.968347562092788 7.619939979126294 
18.99945376959016 18.965342456036637 18.96589928878069 7.62793127876847 
18.997007202607392 18.962891016619835 18.96345335322468 7.635967739179835 
18.99456274578938 18.960441927048635 18.961009764355538 7.6440492073577655 
18.99212040884595 18.95799519629719 18.958568531069886 7.652175529442758 
18.989680201450426 18.95555083330487 18.956129662230126 7.660346550721355 
18.987242133239647 18.95310884697642 18.953693166664323 7.668562115629088 
18.9848062138135 18.95066924618135 18.951259053165757 7.676822067753443 
18.982372452735035 18.948232039754032 18.94882733049309 7.6851262498368405 
18.97994085953019 18.945797236493206 18.94639800736985 7.693474503779622 
18.977511443687774 18.943364845162193 18.943971092484446 7.701866670643066 
18.975084214658978 18.940934874488505 18.94154659448992 7.710302590652413 
18.972659181857694 18.938507333163614 18.939124522003794 7.718782103199907 
18.97023635465996 18.936082229842896 18.93670488360783 7.727305046847851 
18.967815742404014 18.933659573145235 18.934287687847927 7.7358712593316845 
18.96539735439012 18.93123937165319 18.93187294323377 7.744480577563067 
18.96298119988029 18.928821633912435 18.92946065823884 7.753132837632993 
18.960567288098275 18.926406368432026 18.92705084130023 7.761827874814902 
18.95815562822952 18.923993583683682 18.92464350081815 7.770565523567818 
18.955746229420583 18.921583288102056 18.92223864515637 7.779345617539505 
18.953339100779544 18.919175490084285 18.919836282641313 7.788167989569628 
18.950934251375315 18.91677019799016 18.917436421562456 7.797032471692944 
18.948531690237985 18.91436742014139 18.915039070171815 7.805938895142488 
18.946131426358363 18.911967164822045 18.91264423668389 7.8148870903528 
18.94373346868781 18.90956944027795 18.910251929275603 7.823876886963137 
18.94133782613835 18.907174254716608 18.90786215608574 7.832908113820734 
18.938944507582335 18.904781616307275 18.905474925215287 7.841980598984046 
18.936553521852204 18.902391533180378 18.90309024472691 7.8510941697260375 
18.93416487774067 18.90000401342769 18.90070812264497 7.8602486525374555 
18.9317785840002 18.89761906510205 18.89832856695506 7.869443873130144 
18.929394649343067 18.895236696217125 18.89595158560428 7.878679656440358 
18.927013082441306 18.89285691474737 18.893577186500693 7.887955826632094 
18.924633891926305 18.89047972862761 18.8912053775133 7.897272207100447 
18.92225708638898 18.888105145753343 18.888836166471947 7.90662862047496 
18.919882674379267 18.885733173979986 18.88646956116696 7.916024888623009 
18.91751066440628 18.883363821123282 18.884105569349174 7.925460832653192 
18.91514106493804 18.880997094958673 18.881744198729734 7.934936272918739 
18.912773884401474 18.878633003221466 18.879385456979833 7.944451029020923 
18.910409131182007 18.8762715536065 18.877029351730584 7.954004919812505 
18.90804681362357 18.873912753767968 18.87467589057286 7.963597763401175 
18.905686940028602 18.871556611319477 18.872325081057227 7.97322937715302 
18.903329518657813 18.869203133833594 18.869976930693667 7.982899577695996 
18.900974557729853 18.866852328841844 18.867631446951464 7.992608180923425 
18.89862206542142 18.8645042038346 18.86528863725914 8.002355001997497 
18.896272049867093 18.86215876626079 18.862948509003957 8.012139855352787 
18.8939245191591 18.859816023527912 18.86061106953224 8.021962554699794 
18.89157948134732 18.85747598300162 18.858276326148882 8.031822913028478 
18.889236944438892 18.855138652005962 18.85594428611728 8.041720742611833 
18.886896916398484 18.852804037822864 18.853614956659214 8.05165585500945 
18.884559405147797 18.850472147692074 18.851288344954696 8.06162806107111 
18.882224418565613 18.848142988811105 18.84896445814178 8.071637170940381 
18.87989196448757 18.84581656833518 18.846643303316455 8.081682994058246 
18.87756205070616 18.84349289337672 18.84432488753231 8.09176533916671 
18.875234684970508 18.841171971005508 18.84200921780075 8.101884014312452 
18.872909874986192 18.838853808248473 18.8396963010905 8.112038826850489 
18.87058762841525 18.836538412089453 18.83738614432764 8.122229583447822 
18.868267952876124 18.8342257894692 18.835078754395397 8.132456090087143 
18.865950855943083 18.831915947285097 18.83277413813397 8.142718152070497 
18.863636345146745 18.829608892391036 18.830472302340524 8.153015574023025 
18.86132442797333 18.827304631597485 18.828173253768853 8.163348159896653 
18.85901511186512 18.825003171670915 18.825876999129378 8.173715712973838 
18.856708404219717 18.82270451933414 18.823583545089093 8.184118035871318 
18.854404312390443 18.820408681265803 18.821292898270997 8.194554930543855 
18.85210284368611 18.81811566410056 18.81900506525443 8.205026198288023 
18.849804005370572 18.81582547442855 18.816720052574794 8.215531639745976 
18.847507804662996 18.813538118795634 18.814437866723267 8.226071054909253 
18.845214248737534 18.811253603703108 18.8121585141468 8.23664424312258 
18.842923344723317 18.808971935607417 18.809882001248013 8.247251003087698 
18.840635099704173 18.806693120920443 18.807608334384895 8.257891132867181 
18.838349520718623 18.80441716600876 18.805337519870818 8.268564429888299 
18.836066614759886 18.8021440771941 18.80306956397436 8.279270690946863 
18.833786388775536 18.79987386075277 18.800804472919253 8.290009712211091 
18.831508849667387 18.79760652291594 18.79854225288392 8.300781289225503 
18.82923400429172 18.795342069869093 18.796282910001878 8.311585216914795 
18.826961859458663 18.793080507752165 18.79402645036106 8.32242128958776 
18.824692421932525 18.790821842659284 18.79177288000409 8.333289300941193 
18.82242569843129 18.788566080638816 18.78952220492812 8.344189044063825 
18.82016169562695 18.78631322769303 18.787274431084313 8.355120311440258 
18.81790042014495 18.784063289778032 18.78502956437825 8.366082894954918 
18.815641878564406 18.781816272803724 18.782787610669345 8.377076585896019 
18.813386077417817 18.779572182633785 18.780548575771093 8.38810117495953 
18.81113302319102 18.777331025085118 18.77831246545071 8.399156452253166 
18.808882722323062 18.775092805928182 18.77607928542909 8.410242207300385 
18.806635181206104 18.77285753088671 18.773849041380686 8.421358229044392 
18.804390406185348 18.770625205637543 18.771621738933334 8.432504305852154 
18.802148403558817 18.768395835810395 18.76939738366815 8.443680225518436 
18.799909179577412 18.766169426988142 18.76717598111958 8.454885775269837 
18.797672740444625 18.763945984706368 18.764957536775057 8.466120741768844 
18.795439092316713 18.761725514453133 18.762742056074842 8.477384911117888 
18.79320824130218 18.759508021669376 18.760529544412293 8.488678068863422 
18.790980193462133 18.757293511748344 18.758320007133307 8.5 
18.788754954809804 18.755081990035535 18.75611344953643 8.511350488974376 
18.786532531310627 18.752873461828756 18.753909876872683 8.5227293196896 
18.78431292888223 18.75066793237795 18.751709294345574 8.534136275509134 
18.78209615339415 18.748465406885032 18.74951170711074 8.54557113926099 
18.77988221066778 18.746265890503764 18.747317120276136 8.557033693241838 
18.777671106476305 18.744069388339767 18.74512553890162 8.568523719221174 
18.775462846544656 18.741875905450343 18.74293696799907 8.58004099844547 
18.77325743654933 18.739685446844362 18.740751412532234 8.591585311642328 
18.771054882118335 18.737498017482096 18.738568877416583 8.603156439024666 
18.768855188831083 18.73531362227527 18.736389367519166 8.614754160294899 
18.766658362218266 18.73313226608684 18.7342128876586 8.626378254649131 
18.76446440776192 18.730953953730875 18.7320394426049 8.63802850078136 
18.762273330895027 18.72877868997267 18.729869037079425 8.649704676887696 
18.760085137001738 18.726606479528243 18.72770167575476 8.661406560670574 
18.75789983141715 18.724437327064663 18.725537363254602 8.673133929342997 
18.755717419427185 18.72227123719972 18.7233761041536 8.684886559632767 
18.75353790626866 18.72010821450175 18.721217902977514 8.69666422778675 
18.751361297128824 18.717948263489916 18.71906276420276 8.708466709575113 
18.749187597145692 18.71579138863359 18.716910692256477 8.720293780295625 
18.74701681140789 18.713637594352633 18.71476169151657 8.732145214777901 
18.7448489449543 18.71148688501728 18.71261576631133 8.744020787387717 
18.742684002774297 18.709339264947857 18.710472920919642 8.755920272031284 
18.74052198980735 18.70719473841484 18.708333159570657 8.767843442159569 
18.738362910943238 18.705053309638686 18.706196486443844 8.7797900707726 
18.73620677102184 18.70291498278982 18.70406290566882 8.791759930423789 
18.734053574833013 18.700779761988542 18.701932421325182 8.803752793224263 
18.731903327116584 18.69864765130484 18.699805037442786 8.815768430847198 
18.72975603256225 18.696518654758393 18.697680758001127 8.827806614532179 
18.727611695809458 18.69439277631841 18.69555958692979 8.839867115089538 
18.725470321447403 18.69227001990373 18.693441528107826 8.851949702904731 
18.723331914014807 18.690150389382552 18.691326585364095 8.864054147942701 
18.721196478000138 18.688033888572306 18.689214762477093 8.876180219752264 
18.71906401784122 18.68592052123978 18.687106063174667 8.888327687470492 
18.716934537925226 18.68381029110094 18.68500049113419 8.90049631982711 
18.714808042588913 18.681703201820824 18.68289804998227 8.912685885148896 
18.71268453611799 18.67959925701342 18.680798743294872 8.924896151364099 
18.710564022747576 18.67749846024185 18.67870257459697 8.937126886006853 
18.708446506661915 18.675400815017838 18.676609547362887 8.949377856221597 
18.706331991994148 18.673306324802127 18.674519665015794 8.96164882876752 
18.7042204828266 18.67121499300407 18.672432930927812 8.973939570022994 
18.702111983190264 18.669126822981696 18.67034934841996 8.98624984599002 
18.70000649706526 18.667041818041525 18.668268920762102 8.998579422298686 
18.69790402838038 18.664959981438642 18.666191651172824 9.010928064211638 
18.69580458101308 18.66288131637657 18.664117542819383 9.023295536628531 
18.693708158789548 18.66080582600722 18.66204659881754 9.035681604090515 
18.69161476548453 18.658733513430718 18.65997882223172 9.048086030784724 
18.689524404821384 18.65666438169552 18.657914216074687 9.06050858054875 
18.687437080471852 18.654598433798185 18.655852783307637 9.072949016875159 
18.685352796056122 18.652535672683314 18.653794526840045 9.085407102915967 
18.683271555142824 18.650476101243612 18.65173944952977 9.097882601487182 
18.68119336124869 18.64841972231983 18.64968755418272 9.110375275073286 
18.679118217838834 18.646366538700477 18.647638843553068 9.12288488583179 
18.677046128326594 18.64431655312194 18.645593320342982 9.135411195597731 
18.67497709607329 18.642269768268534 18.643550987202616 9.147953965888233 
18.672911124388463 18.64022618677211 18.641511846730168 9.160512957907024 
18.67084821652952 18.638185811212452 18.639475901471712 9.173087932549002 
18.66878837570198 18.636148644116645 18.637443153921083 9.185678650404778 
18.666731605059226 18.634114687959595 18.635413606519933 9.19828487176523 
18.664677907702355 18.632083945163572 18.63338726165773 9.210906356626076 
18.662627286680447 18.630056418098377 18.631364121671538 9.223542864692437 
18.660579744990457 18.628032109081175 18.629344188846062 9.236194155383417 
18.658535285576704 18.626011020376552 18.627327465413487 9.248859987836676 
18.65649391133155 18.62399315419634 18.625313953553757 9.26154012091302 
18.65445562509467 18.621978512699513 18.623303655393954 9.274234313200997 
18.652420429653546 18.619967097992458 18.621296573008863 9.286942323021481 
18.65038832774303 18.6179589121287 18.619292708420517 9.299663908432285 
18.648359322045565 18.615953957108673 18.617292063598313 9.312398827232757 
18.646333415190952 18.61395223488006 18.6152946404589 9.325146836968406 
18.64431060975653 18.611953747337566 18.61330044086617 9.337907694935497 
18.64229090826683 18.609958496322747 18.611309466631155 9.350681158185692 
18.640274313193856 18.607966483624296 18.609321719512252 9.363466983530662 
18.638260826956753 18.605977710977584 18.607337201214705 9.376264927546723 
18.636250451922024 18.603992180065006 18.60535591339095 9.389074746579468 
18.634243190403424 18.602009892515696 18.60337785764051 9.401896196748408 
18.632239044661674 18.600030849905636 18.601403035509747 9.414729033951616 
18.630238016904855 18.59805505375749 18.599431448492112 9.427573013870365 
18.628240109287958 18.596082505540664 18.5974630980279 9.440427891973798 
18.626245323913167 18.59411320667124 18.59549798550438 9.453293423523558 
18.624253662829744 18.592147158511864 18.593536112255606 9.466169363578475 
18.622265128033803 18.590184362372042 18.591577479562375 9.47905546699921 
18.62027972146859 18.588224819507502 18.589622088652447 9.491951488452926 
18.618297445024155 18.586268531120822 18.58766994070021 9.504857182417966 
18.616318300537557 18.584315498360922 18.585721036826783 9.517772303188522 
18.61434228979266 18.58236572232329 18.58377537810003 9.530696604879306 
18.612369414520344 18.580419204049917 18.58183296553449 9.54362984143025 
18.610399676398174 18.578475944529146 18.57989380009127 9.55657176661117 
18.60843307705062 18.576535944695763 18.577957882678163 9.569522134026462 
18.60646961804889 18.5745992054309 18.57602521414958 9.582480697119804 
18.604509300910934 18.572665727562196 18.574095795306448 9.59544720917883 
18.60255212710149 18.57073551186346 18.572169626896198 9.608421423339847 
18.600598098032037 18.568808559054958 18.570246709612945 9.62140309259251 
18.598647215060623 18.566884869803232 18.568327044097146 9.634391969784557 
18.5966994794922 18.564964444721056 18.566410630935763 9.647387807626487 
18.59475489257818 18.563047284367485 18.56449747066239 9.66039035869628 
18.59281345551676 18.561133389247914 18.562587563756836 9.673399375444106 
18.59087516945266 18.55922275981385 18.560680910645544 9.68641461019704 
18.588940035477265 18.55731539646314 18.558777511701294 9.699435815163772 
18.587008054628598 18.5554112995398 18.556877367243317 9.712462742439328 
18.585079227891242 18.553510469333958 18.55498047753707 9.725495144009793 
18.58315355619635 18.55161290608197 18.55308684279464 9.738532771757026 
18.581231040421585 18.54971860996642 18.551196463174335 9.751575377463388 
18.57931168139129 18.54782758111611 18.549309338780915 9.764622712816465 
18.577395479876145 18.545939819605792 18.54742546966537 9.777674529413803 
18.57548243659363 18.544055325456554 18.5455448558252 9.790730578767624 
18.573572552207565 18.5421740986356 18.543667497204012 9.803790612309571 
18.57166582732833 18.54029613905618 18.541793393692046 9.816854381395428 
18.56976226251288 18.53842144657773 18.53992254512565 9.829921637309868 
18.567861858264507 18.536550021005894 18.53805495128762 9.842992131271169 
18.565964615033295 18.534681862092384 18.53619061190699 9.856065614435968 
18.564070533215613 18.532816969534906 18.53432952665912 9.869141837903992 
18.562179613154342 18.530955342977563 18.532471695165782 9.882220552722794 
18.56029185513904 18.529096982010458 18.53061711699496 9.895301509892498 
18.5584072594055 18.52724188616969 18.5287657916611 9.908384460370533 
18.556525826136237 18.52539005493776 18.526917718624873 9.92146915507638 
18.55464755546018 18.52354148774316 18.5250728972934 9.934555344896316 
18.55277244745281 18.5216961839605 18.52323132701997 9.947642780688149 
18.55090050213596 18.519854142910617 18.52139300710428 9.960731213285966 
18.54903171947825 18.518015363860513 18.519557936792523 9.973820393504878 
18.547166099394587 18.516179846023306 18.517726115277014 9.986910072145761 
18.545303641746557 18.51434758855828 18.515897541696688 10.0 
18.54344434634214 18.512518590571005 18.51407221513665 10.01308992785424 
18.541588212936063 18.510692851113163 18.512250134628516 10.026179606495122 
18.539735241229437 18.508870369182716 18.510431299150355 10.039268786714034 
18.53788543086995 18.507051143723857 18.50861570762646 10.05235721931185 
18.53603878145202 18.505235173626886 18.506803358927698 10.065444655103683 
18.534195292516358 18.50342245772856 18.50499425187138 10.07853084492362 
18.532354963550688 18.501612994811808 18.503188385221335 10.091615539629469 
18.53051779398902 18.499806783605834 18.501385757687785 10.104698490107504 
18.528683783212102 18.498003822786245 18.499586367927407 10.117779447277206 
18.52685293054742 18.496204110974872 18.497790214543556 10.13085816209601 
18.52502523526897 18.494407646739944 18.495997296086102 10.143934385564032 
18.5232006965976 18.49261442859614 18.49420761105131 10.157007868728831 
18.52137931370072 18.49082445500443 18.492421157882234 10.170078362690132 
18.519561085692544 18.489037724372338 18.49063793496839 10.18314561860457 
18.517746011634074 18.48725423505374 18.48885794064614 10.196209387690429 
18.515934090532937 18.485473985348904 18.48708117319825 10.209269421232376 
18.514125321343784 18.483696973504834 18.48530763085438 10.222325470586197 
18.51231970296783 18.481923197714934 18.48353731179077 10.235377287183535 
18.510517234253314 18.480152656119117 18.481770214130563 10.248424622536614 
18.50871791399527 18.478385346804032 18.480006335943585 10.261467228242974 
18.506921740935695 18.476621267802784 18.478245675246455 10.274504855990207 
18.50512871376344 18.47486041709533 18.4764882300027 10.287537257560672 
18.503338831114263 18.473102792608188 18.474733998122645 10.30056418483623 
18.50155209157117 18.47134839221468 18.472982977463573 10.31358538980296 
18.499768493663737 18.469597213734744 18.471235165829796 10.326600624555894 
18.49798803586907 18.467849254935288 18.469490560972417 10.33960964130372 
18.496210716611074 18.466104513529956 18.46774916058979 10.352612192373513 
18.494436534260785 18.4643629871793 18.466010962327175 10.365608030215443 
18.492665487136435 18.462624673490836 18.464275963776913 10.37859690740749 
18.490897573503446 18.460889570018878 18.46254416247865 10.391578576660155 
18.489132791574548 18.459157674264986 18.460815555919112 10.40455279082117 
18.48737113950955 18.457428983677516 18.459090141532158 10.417519302880198 
18.485612615415675 18.45570349565213 18.45736791669907 10.430477865973538 
18.48385721734752 18.4539812075314 18.455648878748377 10.443428233388833 
18.48210494330698 18.452262116605255 18.453933024955973 10.45637015856975 
18.480355791243426 18.450546220110823 18.45222035254517 10.469303395120694 
18.478609759053654 18.44883351523231 18.450510858686698 10.482227696811478 
18.476866844582048 18.447123999101564 18.448804540498884 10.495142817582034 
18.475127045620354 18.445417668797518 18.447101395047525 10.508048511547074 
18.473390359908194 18.44371452134675 18.445401419346013 10.520944533000792 
18.471656785132666 18.442014553723084 18.443704610355496 10.533830636421525 
18.46992631892857 18.44031776284811 18.442010964984718 10.546706576476442 
18.468198958878418 18.43862414559078 18.440320480090236 10.559572108026204 
18.4664747025127 18.436933698767973 18.438633152476484 10.572426986129635 
18.4647535473095 18.43524641914388 18.436948978895714 10.585270966048386 
18.463035490695006 18.433562303430847 18.43526795604805 10.598103803251592 
18.461320530043167 18.43188134828864 18.433590080581723 10.610925253420532 
18.45960866267609 18.43020355032519 18.431915349092947 10.623735072453279 
18.45789988586381 18.428528906096233 18.430243758126096 10.63653301646934 
18.456194196824526 18.426857412105562 18.42857530417365 10.649318841814308 
18.454491592724708 18.425189064804897 18.426909983676353 10.662092305064503 
18.452792070678868 18.423523860594173 18.42524779302329 10.674853163031594 
18.451095627749908 18.421861795821542 18.42358872855192 10.687601172767243 
18.449402260949 18.42020286678337 18.421932786547984 10.700336091567717 
18.447711967235705 18.41854706972424 18.420279963245775 10.713057676978519 
18.44602474351825 18.41689440083718 18.418630254828315 10.725765686799004 
18.444340586653084 18.41524485626377 18.416983657427124 10.73845987908698 
18.442659493445433 18.41359843209392 18.415340167122224 10.751140012163324 
18.440981460649084 18.41195512436633 18.413699779942817 10.763805844616583 
18.439306484966608 18.410314929068136 18.412062491866607 10.776457135307563 
18.437634563049357 18.408677842135432 18.410428298820364 10.789093643373924 
18.435965691497472 18.407043859452926 18.408797196679814 10.80171512823477 
18.434299866859988 18.405412976854393 18.40716918126975 10.814321349595224 
18.43263708563495 18.40378519012239 18.405544248364038 10.826912067450998 
18.430977344269536 18.402160494988607 18.403922393685832 10.839487042092976 
18.429320639159926 18.40053888713379 18.40230361290753 10.852046034111767 
18.4276669666516 18.398920362187937 18.40068790165094 10.864588804402269 
18.426016323039164 18.397304915730217 18.399075255487276 10.87711511416821 
18.424368704566632 18.39569254328927 18.397465669937276 10.889624724926714 
18.422724107427484 18.394083240343036 18.39585914047126 10.90211739851282 
18.421082527764725 18.392477002319026 18.39425566250935 10.914592897084033 
18.41944396167071 18.390873824594394 18.392655231421315 10.927050983124843 
18.4178084051876 18.38927370249587 18.391057842526777 10.93949141945125 
18.4161758543072 18.387676631300053 18.389463491095455 10.951913969215276 
18.41454630497128 18.386082606233288 18.387872172346874 10.964318395909485 
18.412919753071264 18.384491622471955 18.38628388145088 10.97670446337147 
18.411296194448653 18.38290367514236 18.38469861352735 10.989071935788362 
18.40967562489493 18.381318759320948 18.383116363646536 11.001420577701314 
18.40805804015173 18.379736870034492 18.381537126829073 11.013750154009982 
18.406443435910944 18.37815800225991 18.379960898046022 11.026060429977006 
18.404831807814674 18.37658215092449 18.378387672219105 11.03835117123248 
18.403223151455393 18.375009310906137 18.376817444220535 11.050622143778401 
18.401617462376066 18.37343947703323 18.375250208873524 11.062873113993147 
18.400014736070204 18.371872644084817 18.373685960951775 11.075103848635901 
18.39841496798192 18.370308806790717 18.372124695180275 11.087314114851106 
18.396818153506103 18.368747959831694 18.3705664062349 11.099503680172893 
18.395224287988526 18.367190097839398 18.36901108874258 11.111672312529508 
18.393633366725624 18.36563521539648 18.367458737281595 11.123819780247736 
18.39204538496506 18.36408330703682 18.3659093463815 11.135945852057299 
18.390460337905495 18.362534367245587 18.36436291052337 11.148050297095269 
18.38887822069671 18.360988390459113 18.362819424139673 11.160132884910462 
18.38729902843994 18.359445371065476 18.361278881614624 11.172193385467821 
18.38572275618759 18.357905303404152 18.35974127728406 11.184231569152802 
18.38414939894369 18.3563681817663 18.35820660543584 11.19624720677574 
18.38257895166373 18.354834000394817 18.35667486030951 11.208240069576211 
18.38101140925494 18.35330275348457 18.35514603609704 11.220209929227401 
18.379446766576223 18.351774435182335 18.35362012694219 11.232156557840431 
18.377885018438405 18.35024903958697 18.352097126941203 11.244079727968717 
18.376326159604332 18.348726560749697 18.350577030142574 11.255979212612285 
18.37477018478876 18.34720699267376 18.349059830547446 11.267854785222099 
18.37321708865869 18.345690329315175 18.34754552210933 11.279706219704376 
18.371666865833504 18.3441765645822 18.346034098734776 11.291533290424885 
18.370119510884706 18.342665692335856 18.344525554282768 11.303335772213252 
18.36857501833657 18.341157706389993 18.3430198825655 11.315113440367233 
18.36703338266568 18.339652600511158 18.3415170773481 11.326866070657005 
18.365494598301495 18.338150368419065 18.340017132348862 11.338593439329426 
18.363958659626178 18.336651003786415 18.338520041239462 11.350295323112306 
18.362425560974884 18.33515450023924 18.337025797644856 11.36197149921864 
18.36089529663576 18.333660851356797 18.335534395143554 11.37362174535087 
18.35936786085 18.332170050671948 18.334045827267687 11.385245839705103 
18.35784324781207 18.33068209167095 18.33256008750317 11.396843560975334 
18.356321451669828 18.329196967793848 18.331077169289813 11.408414688357674 
18.354802466524575 18.327714672434638 18.32959706602128 11.419959001554531 
18.353286286431228 18.326235198940992 18.32811977104552 11.431476280778826 
18.35177290539832 18.324758540614937 18.32664527766468 11.442966306758164 
18.350262317388285 18.323284690712455 18.325173579135196 11.45442886073901 
18.348754516317342 18.321813642444 18.323704668668086 11.465863724490864 
18.347249496055895 18.32034538897443 18.322238539428895 11.4772706803104 
18.345747250428417 18.31887992342314 18.32077518453798 11.488649511025624 
18.344247773213624 18.31741723886421 18.31931459707056 11.5 
18.342751058144813 18.31595732832659 18.317856770056835 11.511321931136578 
18.341257098909523 18.314500184794156 18.316401696482103 11.522615088882112 
18.33976588915027 18.313045801205988 18.31494936928698 11.533879258231156 
18.338277422464046 18.311594170456203 18.313499781367454 11.545114224730163 
18.336791692402812 18.310145285394412 18.312052925575074 11.556319774481565 
18.335308692473575 18.308699138825602 18.310608794716927 11.567495694147848 
18.333828416138488 18.307255723510423 18.309167381555937 11.57864177095561 
18.332350856814855 18.3058150321653 18.30772867881103 11.589757792699615 
18.33087600787553 18.30437705746249 18.30629267915714 11.600843547746834 
18.329403862648803 18.30294179203031 18.30485937522525 11.611898825040472 
18.32793441441845 18.301509228453313 18.30342875960298 11.622923414103981 
18.326467656424313 18.30007935927216 18.30200082483418 11.633917105045082 
18.32500358186195 18.298652176984092 18.30057556341933 11.644879688559742 
18.32354218388292 18.297227674042972 18.299152967815758 11.655810955936175 
18.322083455595077 18.295805842859238 18.2977330304376 11.666710699058807 
18.32062739006244 18.294386675800183 18.29631574365601 11.67757871041224 
18.31917398030555 18.292970165190354 18.294901099799404 11.688414783085205 
18.317723219301513 18.291556303311097 18.293489091153504 11.699218710774499 
18.316275099984068 18.290145082401295 18.292079709961342 11.709990287788909 
18.314829615243752 18.2887364946572 18.290672948423662 11.720729309053139 
18.313386757928185 18.287330532232545 18.28926879869897 11.731435570111701 
18.311946520842014 18.28592718723894 18.287867252903652 11.74210886713282 
18.310508896747194 18.284526451745705 18.286468303112088 11.752748996912304 
18.309073878362938 18.28312831778038 18.285071941356875 11.76335575687742 
18.307641458366106 18.2817327773285 18.283678159629062 11.773928945090747 
18.306211629391214 18.280339822334042 18.282286949878028 11.784468360254024 
18.304784384030484 18.27894944469932 18.28089830401177 11.794973801711977 
18.303359714834187 18.277561636285384 18.27951221389725 11.805445069456145 
18.301937614310532 18.276176388912006 18.27812867136015 11.815881964128684 
18.300518074926174 18.274793694357868 18.27674766818552 11.826284287026162 
18.299101089105932 18.27341354436078 18.275369196117367 11.836651840103348 
18.297686649233356 18.27203593061779 18.273993246859277 11.846984425976975 
18.296274747650386 18.270660844785255 18.272619812074367 11.857281847929503 
18.294865376658095 18.26928827847911 18.27124888338534 11.86754390991286 
18.293458528516283 18.267918223275046 18.269880452374935 11.877770416552178 
18.29205419544394 18.266550670708625 18.268514510585817 11.887961173149513 
18.290652369619238 18.265185612275275 18.267151049520976 11.898115985687548 
18.28925304317994 18.263823039430747 18.265790060643496 11.908234660833292 
18.28785620822316 18.262462943591117 18.26443153537724 11.918317005941754 
18.28646185680583 18.26110531613284 18.263075465106454 11.928362829059619 
18.285069980944627 18.25975014839321 18.261721841176495 11.938371938928892 
18.283680572616447 18.258397431670176 18.260370654893393 11.94834414499055 
18.282293623758164 18.2570471572227 18.259021897524633 11.958279257388167 
18.280909126267034 18.255699316270977 18.25767556029882 11.968177086971522 
18.27952707200086 18.25435389999643 18.25633163440608 11.978037445300206 
18.278147452777887 18.253010899542062 18.254990110998165 11.987860144647213 
18.27677026037736 18.25167030601233 18.253650981188684 11.997644998002503 
18.275395486539253 18.250332110473664 18.252314236053223 12.007391819076574 
18.274023122964934 18.248996303954414 18.25097986662945 12.017100422304004 
18.27265316131667 18.247662877445123 18.249647863917346 12.02677062284698 
18.27128559321841 18.246331821898536 18.248318218879376 12.036402236598825 
18.269920410255622 18.245003128229996 18.24699092244066 12.045995080187495 
18.268557603975466 18.243676787317384 18.245665965489138 12.055548970979078 
18.26719716588707 18.242352790001462 18.244343338875808 12.065063727081263 
18.265839087461472 18.241031127086103 18.24302303341466 12.074539167346808 
18.26448336013209 18.23971178933806 18.241705039883186 12.083975111376992 
18.263129975294703 18.238394767487762 18.240389349022223 12.09337137952504 
18.261778924307578 18.237080052228862 18.239075951536392 12.102727792899554 
18.260430198491804 18.235767634218917 18.237764838094108 12.112044173367906 
18.259083789131296 18.234457504079217 18.236455999327916 12.121320343559642 
18.257739687472963 18.233149652395127 18.235149425834436 12.130556126869855 
18.256397884726994 18.231844069716203 18.233845108174705 12.139751347462544 
18.25505837206697 18.23054074655647 18.232543036874347 12.148905830273963 
18.253721140629978 18.229239673394545 18.231243202423684 12.158019401015954 
18.252386181516897 18.22794084067357 18.22994559527791 12.167091886179268 
18.251053485792397 18.22664423880184 18.228650205857434 12.176123113036862 
18.249723044485336 18.225349858152697 18.22735702454787 12.1851129096472 
18.248394848588646 18.224057689064807 18.226066041700278 12.19406110485751 
18.247068889059847 18.222767721842217 18.224777247631266 12.202967528307056 
18.245745156820874 18.221479946754698 18.223490632623395 12.211832010430372 
18.244423642758477 18.2201943540378 18.22220618692512 12.220654382460497 
18.24310433772439 18.21891093389314 18.22092390075119 12.229434476432182 
18.24178723253533 18.217629676488514 18.219643764282523 12.238172125185098 
18.240472317973342 18.216350571958117 18.218365767666796 12.246867162367007 
18.23915958478591 18.215073610402783 18.217089901018255 12.255519422436933 
18.237849023686124 18.213798781889977 18.215816154418235 12.264128740668315 
18.23654062535303 18.21252607645414 18.214544517914987 12.272694953152149 
18.235234380431393 18.211255484096853 18.213274981524194 12.281217896800094 
18.23393027953233 18.20998699478713 18.212007535228906 12.289697409347587 
18.232628313233192 18.208720598461355 18.210742168979948 12.298133329356935 
18.231328472077905 18.207456285023625 18.20947887269591 12.306525496220377 
18.230030746577086 18.20619404434592 18.208217636263498 12.31487375016316 
18.228735127208154 18.204933866268448 18.20695844953758 12.323177932246557 
18.22744160441573 18.203675740599465 18.205701302341538 12.331437884370914 
18.226150168611525 18.202419657115797 18.20444618446726 12.339653449278646 
18.224860810174846 18.20116560556295 18.203193085675537 12.347824470557242 
18.223573519452316 18.199913575655216 18.20194199569613 12.355950792642235 
18.22228828675867 18.198663557075918 18.200692904227992 12.364032260820167 
18.22100510237641 18.197415539477674 18.199445800939486 12.37206872123153 
18.219723956556265 18.196169512482527 18.198200675468513 12.380060020873707 
18.21844483951736 18.19492546568199 18.19695751742273 12.388006007603867 
18.217167741447213 18.193683388637623 18.1957163163799 12.395906530141879 
18.21589265250219 18.1924432708808 18.194477061887767 12.403761438073182 
18.214619562807513 18.191205101913226 18.19323974346463 12.411570581851652 
18.213348462457475 18.189968871206986 18.192004350599177 12.419333812802448 
18.212079341515732 18.188734568204723 18.19077087275099 12.427050983124843 
18.210812190015247 18.187502182319918 18.1895392993506 12.434721945895037 
18.209546997958853 18.18627170293712 18.188309619799497 12.442346555068958 
18.20828375531903 18.185043119411944 18.187081823470862 12.449924665485037 
18.207022452038473 18.183816421071583 18.18585589970911 12.457456132866975 
18.205763078029975 18.18259159721464 18.184631837830636 12.464940813826491 
18.20450562317683 18.181368637111632 18.183409627123638 12.472378565866048 
18.203250077332882 18.18014753000506 18.182189256848574 12.479769247381565 
18.201996430322936 18.178928265109732 18.180970716238335 12.487112717665125 
18.20074467194263 18.17771083161267 18.179753994498128 12.494408836907635 
18.19949479195884 18.176495218673722 18.17853908080616 12.501657466201504 
18.198246780109855 18.17528141542533 18.177325964313525 12.508858467543279 
18.19700062610559 18.174069410973175 18.176114634144483 12.516011703836272 
18.19575631962772 18.17285919439604 18.174905079396694 12.523117038893178 
18.194513850329827 18.171650754746167 18.17369728914133 12.530174337438657 
18.19327320783782 18.170444081049425 18.17249125242347 12.53718346511192 
18.19203438174975 18.169239162305644 18.171286958262158 12.544144288469278 
18.19079736163644 18.168035987488565 18.170084395650633 12.55105667498669 
18.18956213704149 18.166834545546237 18.168883553556498 12.557920493062277 
18.188328697481268 18.165634825401185 18.167684420922058 12.56473561201884 
18.187097032445593 18.164436815950637 18.166486986664324 12.571501902106338 
18.185867131397345 18.1632405060667 18.16529123967547 12.578219234504358 
18.184638983773198 18.162045884596466 18.164097168822877 12.584887481324579 
18.183412578983507 18.160852940362588 18.162904762949324 12.591506515613187 
18.182187906412594 18.159661662162932 18.161714010873368 12.598076211353316 
18.180964955418972 18.158472038771322 18.160524901389294 12.604596443467427 
18.17974371533552 18.15728405893742 18.159337423267687 12.611067087819698 
18.178524175469647 18.156097711387076 18.158151565255196 12.617488021218392 
18.1773063251037 18.15491298482243 18.15696731607511 12.623859121418187 
18.176090153494783 18.15372986792238 18.155784664427415 12.630180267122523 
18.17487564987539 18.15254834934234 18.154603598989013 12.636451337985896 
18.173662803453283 18.15136841771499 18.153424108413958 12.642672214616157 
18.172451603411844 18.150190061650108 18.152246181333794 12.648842778576782 
18.17124203891035 18.149013269734837 18.15106980635744 12.654962912389125 
18.170034099083864 18.147838030534103 18.149894972071706 12.661032499534665 
18.168827773043972 18.14666433259066 18.148721667041457 12.66705142445721 
18.167623049878387 18.145492164425264 18.147549879809674 12.673019572565103 
18.166419918651627 18.14432151453707 18.146379598897852 12.678936830233411 
18.16521836840502 18.14315237140363 18.145210812806113 12.684803084806076 
18.164018388156933 18.1419847234813 18.14404351001349 12.690618224598065 
18.16281996690293 18.1408185592054 18.142877678978095 12.696382138897501 
18.16162309361613 18.139653866990386 18.14171330813724 12.702094717967764 
18.16042775724719 18.138490635230085 18.140550385908 12.707755853049582 
18.15923394672484 18.13732885229797 18.139388900686868 12.713365436363103 
18.158041650955795 18.13616850654728 18.138228840850502 12.71892336110995 
18.156850858825067 18.13500958631124 18.137070194755836 12.724429521475244 
18.155661559196176 18.133852079903534 18.13591295074002 12.72988381262963 
18.154473740911385 18.132695975618162 18.134757097120826 12.735286130731266 
18.15328739279198 18.131541261729808 18.13360262219703 12.740636372927803 
18.15210250363816 18.130387926494166 18.132449514248265 12.745934437358342 
18.150919062229775 18.129235958148115 18.13129776153562 12.751180223155373 
18.149737057326092 18.12808534490972 18.13014735230155 12.756373630446696 
18.148556477666148 18.1269360749788 18.128998274770424 12.761514560357321 
18.14737731196908 18.12578813653687 18.12785051714826 12.766602915011354 
18.14619954893419 18.12464151774759 18.12670406762362 12.77163859753386 
18.14502317724117 18.123496206756784 18.125558914367048 12.7766215120527 
18.143848185550496 18.122352191692812 18.124415045532146 12.781551563700361 
18.142674562503316 18.121209460666705 18.123272449254955 12.786428658615772 
18.141502296722024 18.12006800177238 18.122131113654802 12.791252703946075 
18.140331376810195 18.118927803087047 18.12099102683436 12.796023607848396 
18.13916179135299 18.117788852671083 18.11985217687959 12.800741279491605 
18.13799352891732 18.116651138568727 18.11871455186025 12.805405629058036 
18.13682657805191 18.115514648807732 18.117578139830243 12.810016567745194 
18.1356609272878 18.11437937140022 18.116442928827553 12.814574007767453 
18.13449656513825 18.113245294342335 18.115308906874418 12.819077862357725 
18.133333480099225 18.112112405614937 18.114176061977957 12.823528045769113 
18.13217166064959 18.11098069318342 18.113044382130056 12.827924473276536 
18.13101109525104 18.10985014499829 18.111913855307648 12.832267061178353 
18.129851772348616 18.108720748995154 18.11078446947306 12.83655572679795 
18.128693680370873 18.10759249309507 18.109656212574123 12.840790388485317 
18.127536807730053 18.10646536520477 18.1085290725444 12.844970965618598 
18.126381142822254 18.105339353216777 18.107403037303584 12.84909737860563 
18.12522667402783 18.104214445009745 18.1062780947575 12.853169548885461 
18.124073389711214 18.103090628448683 18.105154232798384 12.857187398929835 
18.12292127822178 18.101967891385073 18.10403143930523 12.86115085224468 
18.121770327893387 18.10084622165732 18.102909702144075 12.86505983337156 
18.120620527045162 18.099725607090704 18.101789009167817 12.868914267889107 
18.119471863981232 18.098606035497824 18.100669348216968 12.872714082414443 
18.1183243269914 18.097487494678717 18.099550707119533 12.87645920460458 
18.11717790435108 18.096369972421257 18.098433073691353 12.880149563157786 
18.11603258432143 18.095253456500984 18.09731643573633 12.883785087814957 
18.114888355149958 18.094137934681896 18.09620078104666 12.887365709360942 
18.113745205070472 18.09302339471617 18.09508609740311 12.890891359625869 
18.112603122303312 18.091909824344782 18.093972372575138 12.89436197148644 
18.111462095055572 18.090797211297343 18.092859594321283 12.897777478867205 
18.11032211152144 18.089685543292774 18.091747750389118 12.90113781674183 
18.109183159882434 18.08857480803914 18.09063682851587 12.904442921134322 
18.108045228307276 18.08746499323422 18.089526816428304 12.907692729120264 
18.106908304952697 18.08635608656556 18.088417701843184 12.91088717882799 
18.10577237796315 18.08524807571058 18.087309472467325 12.914026209439784 
18.10463743547126 18.08414094833705 18.08620211599799 12.917109761193029 
18.103503465598067 18.083034692103297 18.08509562012307 12.920137775381345 
18.102370456453173 18.08192929465821 18.08398997252118 12.923110194355706 
18.101238396135045 18.080824743641756 18.082885160862077 12.926026961525539 
18.10010727273118 18.07972102668498 18.081781172806927 12.9288880213598 
18.09897707431827 18.07861813141045 18.08067799600815 12.931693319388037 
18.097847788962667 18.077516045432276 18.079575618110255 12.934442802201417 
18.09671940472026 18.07641475635654 18.07847402674963 12.93713641745375 
18.095591909636994 18.07531425178138 18.077373209554764 12.939774113862489 
18.09446529174903 18.074214519297243 18.07627315414686 12.942355841209691 
18.09333953908282 18.073115546487372 18.075173848139684 12.944881550342991 
18.092214639655538 18.072017320927614 18.07407527913989 12.94735119317653 
18.09109058147527 18.07091983018688 18.07297743474743 12.949764722691864 
18.08996735254101 18.06982306182755 18.0718803025556 12.952122092938872 
18.08884494084316 18.0687270034054 18.070783870151388 12.954423259036624 
18.087723334363773 18.067631642469905 18.06968812511559 12.956668177174233 
18.086602521076543 18.066536966564627 18.068593055023143 12.958856804611695 
18.08548248894715 18.065442963227383 18.0674986474433 12.960989099680695 
18.084363225933657 18.064349619990367 18.066404889939918 12.963065021785413 
18.08324471998634 18.06325692438054 18.06531177007173 12.965084531403281 
18.082126959048423 18.06216486391969 18.064219275392418 12.96704759008575 
18.08100993105586 18.061073426125006 18.063127393451055 12.96895416045901 
18.079893623937778 18.059982598508782 18.062036111792054 12.970804206224711 
18.078778025616714 18.058892368579222 18.060945417955736 12.972597692160647 
18.07766312400878 18.057802723840325 18.059855299478443 12.974334584121431 
18.07654890702395 18.05671365179205 18.05876574389265 12.976014849039146 
18.075435362566225 18.055625139930896 18.05767673872731 12.977638454923966 
18.07432247853393 18.054537175749886 18.056588271508076 12.97920537086478 
18.07321024281987 18.053449746738863 18.055500329757592 12.980715567029762 
18.072098643311506 18.052362840384717 18.0544129009956 12.982169014666958 
18.07098766789153 18.051276444171663 18.05332597273923 12.98356568610482 
18.069877304437682 18.05019054558136 18.052239532503336 12.984905554752736 
18.068767540823046 18.049105132093416 18.051153567800554 12.986188595101536 
18.067658364916497 18.048020191185174 18.050068066141705 12.987414782723985 
18.066549764582817 18.046935710332548 18.048983015036015 12.988584094275236 
18.06544172768281 18.045851677009637 18.047898401991063 12.989696507493285 
18.064334242073812 18.0447680786894 18.046814214513518 12.990752001199384 
18.06322729560958 18.043684902843722 18.045730440108855 12.991750555298458 
18.06212087614074 18.042602136943685 18.044647066282153 12.992692150779472 
18.06101497151502 18.041519768459693 18.043564080537692 12.99357676971581 
18.059909569577314 18.040437784862036 18.0424814703797 12.994404395265601 
18.058804658170118 18.03935617362066 18.041399223312453 12.995175011672046 
18.057700225133715 18.038274922205744 18.04031732684024 12.995888604263722 
18.056596258306115 18.037194018087916 18.039235768468075 12.996545159454852 
18.05549274552385 18.036113448738206 18.038154535701494 12.997144664745573 
18.05438967462169 18.03503320162872 18.03707361604711 12.997687108722168 
18.053287033433094 18.03395326423248 18.035992997012556 12.998172481057287 
18.052184809790447 18.032873624023864 18.034912666107175 12.99860077251014 
18.051082991525163 18.031794268478905 18.033832610841557 12.998971974926672 
18.049981566468148 18.030715185075223 18.03275281872851 12.999286081239728 
18.048880522449792 18.02963636129266 18.03167327728289 12.999543085469174 
18.04777984730032 18.028557784613156 18.03059397402177 12.99974298272202 
18.046679528850063 18.027479442521326 18.029514896465002 12.999885769192513 
18.04557955492959 18.026401322504398 18.028436032135176 12.999971442162202 
18.044479913369912 18.0253234120525 18.027357368557944 13.0 
18.043380592002848 18.02424569865923 18.02627889326226 12.999971442162202 
18.042281578661232 18.02316816982136 18.025200593780767 12.999885769192513 
18.04118286117898 18.022090813039426 18.024122457649696 12.99974298272202 
18.04008442739149 18.021013615817992 18.02304447240931 12.999543085469174 
18.03898626513586 18.019936565665603 18.02196662560425 12.999286081239728 
18.037888362251067 18.01885965009535 18.020888904783533 12.998971974926672 
18.03679070657813 18.017782856624763 18.019811297500837 12.99860077251014 
18.03569328596052 18.016706172776424 18.0187337913149 12.998172481057287 
18.034596088244143 18.01562958607792 18.01765637378969 12.997687108722168 
18.033499101277982 18.01455308406213 18.016579032494406 12.997144664745573 
18.032402312913803 18.013476654267606 18.015501755004152 12.996545159454852 
18.03130571100678 18.012400284238595 18.014424528899724 12.995888604263722 
18.03020928341556 18.011323961525363 18.013347341768053 12.995175011672046 
18.029113018002533 18.01024767368466 18.01227018120261 12.994404395265601 
18.028016902634022 18.00917140827943 18.011193034803227 12.99357676971581 
18.026920925180548 18.008095152879605 18.010115890176735 12.992692150779472 
18.025825073517012 18.007018895062004 18.009038734937064 12.991750555298458 
18.024729335523148 18.005942622410657 18.007961556705197 12.990752001199384 
18.023633699083348 18.00486632251699 18.006884343110016 12.989696507493285 
18.022538152087293 18.003789982980265 18.005807081787736 12.988584094275236 
18.021442682429893 18.00271359140754 18.00472976038293 12.987414782723985 
18.020347278011684 18.001637135413944 18.003652366548295 12.986188595101536 
18.019251926739003 18.00056060262318 18.00257488794489 12.984905554752736 
18.018156616524095 17.999483980667492 18.001497312242577 12.98356568610482 
18.017061335285746 17.998407257187807 18.00041962712021 12.982169014666958 
18.015966070948878 17.99733041983444 17.999341820265613 12.980715567029762 
18.014870811445405 17.9962534562668 17.998263879376225 12.97920537086478 
18.013775544714065 17.995176354153898 17.997185792158973 12.977638454923966 
18.01268025870081 17.994099101174527 17.996107546330677 12.976014849039146 
18.011584941358933 17.99302168501754 17.99502912961833 12.974334584121431 
18.01048958064945 17.991944093382017 17.99395052975916 12.972597692160647 
18.009394164541163 17.99086631397745 17.99287173450091 12.970804206224711 
18.008298681011013 17.989788334524178 17.99179273160229 12.96895416045901 
18.007203118044174 17.988710142753348 17.990713508832926 12.96704759008575 
18.006107463634464 17.987631726407415 17.989634053973646 12.965084531403281 
18.005011705784398 17.98655307324009 17.988554354816813 12.963065021785413 
18.003915832505527 17.985474171016847 17.987474399166558 12.960989099680695 
18.002819831818556 17.98439500751499 17.98639417483895 12.958856804611695 
18.001723691753796 17.98331557052387 17.985313669662162 12.956668177174233 
